kinematics:
  shoulder:
    x: 0
    y: 0
    z: 0.1273
    roll: -0
    pitch: 0
    yaw: -0
  upper_arm:
    x: 0
    y: 0
    z: 0
    roll: 1.570796327
    pitch: 0
    yaw: -0
  forearm:
    x: -0.61199999999999999
    y: 0
    z: 0
    roll: -0
    pitch: 0
    yaw: -0
  wrist_1:
    x: -0.57230000000000003
    y: 0
    z: 0.163941
    roll: -0
    pitch: 0
    yaw: -0
  wrist_2:
    x: 0
    y: -0.1157
    z: -2.3730466679223814e-11
    roll: 1.570796327
    pitch: 0
    yaw: -0
  wrist_3:
    x: 0
    y: 0.092200000000000004
    z: -1.8910536109113532e-11
    roll: 1.5707963265897931
    pitch: 3.1415926535897931
    yaw: 3.1415926535897931
  hash: calib_17227329492635474227